%Ax = b
A = [1.002, 1; 1., 0.998];
b = [2.002; 1.998];
x = A^(-1)*b
%x = [1 
%     1]

%Ax2 = B2
B2 = [2.0021; 1.998];
x2 = A^(-1)*B2
%x2 = [-23.950
%      26.00]


